-6 -3
-5.95 -3
-5.9 -3
-5.85 -3
-5.8 -3
-5.75 -3
-5.7 -3
-5.65 -3
-5.6 -3
-5.55 -3
-5.5 -3
-5.45 -3
-5.4 -3
-5.35 -3
-5.3 -3
-5.25 -3
-5.2 -3
-5.15 -3
-5.1 -3
-5.05 -3
-5 -3
-4.95 -3
-4.9 -3
-4.85 -3
-4.8 -3
-4.75 -3
-4.7 -3
-4.65 -3
-4.6 -3
-4.55 -3
-4.5 -3
-4.45 -3
-4.4 -3
-4.35 -3
-4.3 -3
-4.25 -3
-4.2 -3
-4.15 -3
-4.1 -3
-4.05 -3
-4 -3
-3.95 -3
-3.9 -3
-3.85 -3
-3.8 -3
-3.75 -3
-3.7 -3
-3.65 -3
-3.6 -3
-3.55 -3
-3.5 -3
-3.45 -3
-3.4 -3
-3.35 -3
-3.3 -3
-3.25 -3
-3.2 -3
-3.15 -3
-3.1 -3
-3.05 -3
-3 -3
-2.95 -3
-2.9 -3
-2.85 -3
-2.8 -3
-2.75 -3
-2.7 -3
-2.65 -3
-2.6 -3
-2.55 -3
-2.5 -3
-2.45 -3
-2.4 -3
-2.35 -3
-2.3 -3
-2.25 -3
-2.2 -3
-2.15 -3
-2.1 -3
-2.05 -3
-2 -3
-1.95 -3
-1.9 -3
-1.85 -3
-1.8 -3
-1.75 -3
-1.7 -3
-1.65 -3
-1.6 -3
-1.55 -3
-1.5 -3
-1.45 -3
-1.4 -3
-1.35 -3
-1.3 -3
-1.25 -3
-1.2 -3
-1.15 -3
-1.1 -3
-1.05 -3
-1 -3
-0.95 -3
-0.9 -3
-0.85 -3
-0.8 -3
-0.75 -3
-0.7 -3
-0.65 -3
-0.6 -3
-0.55 -3
-0.5 -3
-0.45 -3
-0.4 -3
-0.35 -3
-0.3 -3
-0.25 -3
-0.2 -3
-0.15 -3
-0.1 -3
-0.05 -3
-1.2948e-14 -3
0.05 -3
0.1 -3
0.15 -3
0.2 -3
0.25 -3
0.3 -3
0.35 -3
0.4 -3
0.45 -3
0.5 -3
0.55 -3
0.6 -3
0.65 -3
0.7 -3
0.75 -3
0.8 -3
0.85 -3
0.9 -3
0.95 -3
1 -3
1.05 -3
1.1 -3
1.15 -3
1.2 -3
1.25 -3
1.3 -3
1.35 -3
1.4 -3
1.45 -3
1.5 -3
1.55 -3
1.6 -3
1.65 -3
1.7 -3
1.75 -3
1.8 -3
1.85 -3
1.9 -3
1.95 -3
2 -3
2.05 -3
2.1 -3
2.15 -3
2.2 -3
2.25 -3
2.3 -3
2.35 -3
2.4 -3
2.45 -3
2.5 -3
2.55 -3
2.6 -3
2.65 -3
2.7 -3
2.75 -3
2.8 -3
2.85 -3
2.9 -3
2.95 -3
3 -3
3.05 -3
3.1 -3
3.15 -3
3.2 -3
3.25 -3
3.3 -3
3.35 -3
3.4 -3
3.45 -3
3.5 -3
3.55 -3
3.6 -3
3.65 -3
3.7 -3
3.75 -3
3.8 -3
3.85 -3
3.9 -3
3.95 -3
4 -3
4.05 -3
4.1 -3
4.15 -3
4.2 -3
4.25 -3
4.3 -3
4.35 -3
4.4 -3
4.45 -3
4.5 -3
4.55 -3
4.6 -3
4.65 -3
4.7 -3
4.75 -3
4.8 -3
4.85 -3
4.9 -3
4.95 -3
5 -3
5.05 -3
5.1 -3
5.15 -3
5.2 -3
5.25 -3
5.3 -3
5.35 -3
5.4 -3
5.45 -3
5.5 -3
5.55 -3
5.6 -3
5.65 -3
5.7 -3
5.75 -3
5.8 -3
5.85 -3
5.9 -3
5.95 -3
6 -3
-6 -3
-5.85006 -2.99625
-5.7005 -2.98501
-5.55169 -2.96631
-5.40399 -2.9402
-5.25779 -2.90674
-5.11344 -2.86601
-4.97131 -2.81812
-4.83174 -2.76318
-4.6951 -2.70134
-4.56172 -2.63275
-4.43194 -2.55757
-4.30607 -2.47601
-4.18444 -2.38825
-4.06735 -2.29453
-3.95508 -2.19507
-3.84793 -2.09012
-3.74616 -1.97995
-3.65002 -1.86483
-3.55975 -1.74505
-3.47559 -1.62091
-3.39773 -1.49271
-3.32638 -1.36079
-3.26171 -1.22546
-3.20388 -1.08707
-3.15305 -0.945967
-3.10933 -0.802496
-3.07283 -0.65702
-3.04365 -0.509901
-3.02186 -0.361508
-3.00752 -0.212212
-3.00065 -0.0623845
-3 3.67394e-16
-2.99625 0.149938
-2.98501 0.2995
-2.96631 0.448314
-2.9402 0.596008
-2.90674 0.742212
-2.86601 0.886561
-2.81812 1.02869
-2.76318 1.16826
-2.70134 1.3049
-2.63275 1.43828
-2.55757 1.56806
-2.47601 1.69393
-2.38825 1.81556
-2.29453 1.93265
-2.19507 2.04492
-2.09012 2.15207
-1.97995 2.25384
-1.86483 2.34998
-1.74505 2.44025
-1.62091 2.52441
-1.49271 2.60227
-1.36079 2.67362
-1.22546 2.73829
-1.08707 2.79612
-0.945967 2.84695
-0.802496 2.89067
-0.65702 2.92717
-0.509901 2.95635
-0.361508 2.97814
-0.212212 2.99248
-0.0623845 2.99935
0.0875986 2.99872
0.237363 2.9906
0.386533 2.97499
0.534738 2.95196
0.681606 2.92154
0.826771 2.88383
0.969869 2.8389
1.11054 2.78688
1.24844 2.72789
1.38322 2.66209
1.51454 2.58963
1.64207 2.5107
1.7655 2.42549
1.88452 2.33422
1.99883 2.23712
2.10814 2.13442
2.21218 2.02639
2.31069 1.91329
2.40343 1.79542
2.49016 1.67305
2.57067 1.5465
2.64475 1.41609
2.71222 1.28214
2.77291 1.14498
2.82667 1.00496
2.87336 0.862434
2.91287 0.717748
2.94511 0.571268
2.96998 0.42336
2.98742 0.274394
2.99741 0.124742
3 -3.67394e-16
3.00375 -0.149938
3.01499 -0.2995
3.03369 -0.448314
3.0598 -0.596008
3.09326 -0.742212
3.13399 -0.886561
3.18188 -1.02869
3.23682 -1.16826
3.29866 -1.3049
3.36725 -1.43828
3.44243 -1.56806
3.52399 -1.69393
3.61175 -1.81556
3.70547 -1.93265
3.80493 -2.04492
3.90988 -2.15207
4.02005 -2.25384
4.13517 -2.34998
4.25495 -2.44025
4.37909 -2.52441
4.50729 -2.60227
4.63921 -2.67362
4.77454 -2.73829
4.91293 -2.79612
5.05403 -2.84695
5.1975 -2.89067
5.34298 -2.92717
5.4901 -2.95635
5.63849 -2.97814
5.78779 -2.99248
5.93762 -2.99935
