Размер изображения: 20 x 20 пикселей

Исходная матрица:
40 187 95 254 4 167 221 149 155 182 60 176 47 131 131 230 122 70 108 207 
178 225 41 91 23 42 252 161 176 217 111 127 135 25 193 202 102 54 104 81 
34 244 221 231 154 114 58 249 132 115 95 109 166 191 153 92 229 251 207 181 
73 211 190 147 77 208 15 67 42 157 8 18 230 115 130 103 204 200 138 142 
23 67 57 156 71 89 93 0 143 149 197 80 44 178 214 228 176 107 108 81 
170 76 38 163 184 10 98 222 11 105 165 217 151 229 7 110 183 199 225 193 
140 51 245 143 10 215 98 25 30 79 179 45 89 23 113 169 220 113 183 56 
148 202 177 15 139 141 78 157 168 124 79 244 94 245 120 88 86 70 237 59 
116 252 135 204 110 250 170 58 53 33 2 146 164 143 37 15 236 42 18 29 
179 129 66 160 24 202 201 126 91 62 94 54 49 108 235 11 48 175 7 83 
113 37 233 240 65 96 226 21 69 36 115 196 80 58 18 32 15 249 127 84 
81 26 42 154 103 41 248 159 144 91 231 102 23 12 155 158 159 219 174 244 
181 59 22 184 0 213 144 250 163 214 160 37 244 240 112 239 207 178 110 151 
214 37 235 179 65 185 167 252 214 212 207 61 127 175 181 167 192 83 251 164 
246 221 139 9 146 210 63 1 47 247 235 9 63 103 168 221 86 215 240 32 
171 169 143 59 0 93 224 113 95 114 166 249 153 192 196 35 102 116 52 27 
88 179 167 245 6 59 63 167 95 248 255 45 218 36 177 80 229 14 213 235 
152 185 9 72 202 76 240 93 122 71 70 101 82 221 21 229 229 204 96 254 
135 194 196 7 104 82 164 18 184 93 145 220 227 117 126 214 26 122 86 104 
206 209 136 115 128 89 24 244 120 113 209 251 176 105 124 250 172 67 37 105 

Результирующая матрица:
0 0 0 0 0 0 0 0 0 0 0 0 0 0 0 0 0 0 0 0 
0 0 0 0 0 0 0 0 0 0 0 0 0 0 0 0 0 0 0 0 
0 0 0 0 0 0 0 0 0 0 0 0 0 0 0 0 0 0 0 0 
0 0 0 0 0 0 0 0 0 0 0 0 0 0 0 0 0 0 0 0 
0 0 0 0 0 0 0 0 0 0 0 0 0 0 255 0 0 0 0 0 
0 0 0 0 0 0 0 0 0 0 0 0 0 0 0 0 0 0 0 0 
0 0 0 0 0 0 0 0 0 0 0 0 0 0 0 0 0 0 0 0 
0 0 0 0 0 0 0 0 0 0 0 0 0 0 0 0 0 0 0 0 
0 0 0 0 0 0 0 0 0 0 0 0 0 0 0 0 0 0 0 0 
0 0 0 0 0 0 0 0 0 0 0 0 0 0 0 0 0 0 0 0 
0 0 0 0 0 0 0 0 0 0 0 0 0 0 0 0 0 0 0 0 
0 0 0 0 0 0 0 0 0 0 0 0 0 0 0 0 0 0 0 0 
0 0 0 0 0 0 0 0 0 255 0 0 0 0 0 0 0 0 0 0 
255 0 0 0 0 0 0 0 255 0 0 0 0 0 0 0 0 0 0 0 
0 0 0 0 0 0 0 0 0 0 0 0 0 0 0 0 0 0 0 0 
0 0 0 0 0 0 0 0 0 0 0 0 0 0 0 0 0 0 0 0 
0 0 0 0 0 0 0 0 0 0 0 0 0 0 0 0 0 0 0 0 
0 0 0 0 0 0 0 0 0 0 0 0 0 0 0 0 0 0 0 0 
0 0 0 0 0 0 0 0 0 0 0 0 0 0 0 255 0 0 0 0 
0 0 0 0 0 0 0 0 0 0 0 0 0 0 0 0 0 0 0 0 
Количество найденных пикселей: 5