¡¡ 1	1.521106	1.518971	57.68	57.94
¡ 10	1.571305	1.568885	55.74	56.01
¡ 11	1.554563	1.552482	63.13	63.35
¡ 12	1.562972	1.560681	58.07	58.34
¡ 13	1.561668	1.559485	60.89	61.14
¡ 210	1.572369	1.569983	56.59	56.88
¡ 4	1.532369	1.530278	60.22	60.48
¡ 6	1.542136	1.539980	59.40	59.67
¡ 8	1.548860	1.546782	62.54	62.77
¡ 9	1.567093	1.564682	55.52	55.81
¡‘1	1.527058	1.524782	54.68	54.96
¡‘11	1.625090	1.622302	52.84	53.14
¡‘12	1.629835	1.626040	38.82	39.10
¡‘13	1.642764	1.639614	47.98	48.27
¡‘16	1.674393	1.671022	46.99	47.29
¡‘18	1.563118	1.560502	50.66	50.95
¡‘19	1.592344	1.589601	50.84	51.14
¡‘21	1.617769	1.614131	39.76	40.04
¡‘219	1.592644	1.589906	51.03	51.33
¡‘23	1.551882	1.549389	52.14	52.43
¡‘24	1.638642	1.634551	36.49	36.76
¡‘25	1.610854	1.607722	45.81	46.10
¡‘26	1.654559	1.650549	38.19	38.47
¡‘27	1.610099	1.606822	43.68	43.97
¡‘28	1.668706	1.664264	35.18	35.44
¡‘32	1.582358	1.579410	46.40	46.69
¡‘4	1.550501	1.548083	53.66	53.95
¡‘6	1.572443	1.569704	49.16	49.46
¡‘7	1.582154	1.579593	53.56	53.86
¡‘8	1.585693	1.582714	46.17	46.47
¬510	1.511604	1.509892	69.67	70.54
¬518	1.520038	1.518109	63.78	63.83
¬722	1.726896	1.721853	33.15	33.78
¬735	1.739919	1.734664	32.82	33.10
¬752	1.757755	1.752081	30.68	31.28
¬Ã522	1.523636	1.521547	62.85	63.64
¬Œ54	1.489696	1.488006	67.56	68.40
¬Œ73-1	1.515100	1.513157	63.08	62.84
¬Œ73-2	1.531733	1.529597	58.89	58.92
¬—56	1.721964	1.716639	31.60	31.87
¬—58	1.727131	1.721729	31.37	31.64
¬—80	1.685488	1.682410	52.40	52.62
¬—82	1.760845	1.754442	27.60	27.88
¬—83	1.614295	1.611116	45.34	45.59
¬—92	1.589199	1.585878	41.36	41.78
 1	1.500096	1.498270	64.96	65.14
 100	1.523669	1.521580	59.20	59.49
 14	1.516805	1.514780	60.39	60.62
 15	1.535874	1.533583	55.18	55.47
 17	1.518298	1.516374	63.85	64.06
 18	1.521224	1.519174	60.13	60.37
 19	1.520781	1.518775	61.42	61.67
 2	1.502279	1.500470	65.83	66.03
 20	1.528470	1.526384	59.89	60.15
 208	1.518409	1.516476	63.36	63.60
 3	1.511990	1.510069	63.13	63.36
 5	1.512971	1.511074	64.07	64.28
 515	1.526791	1.524590	56.54	56.83
 8	1.518291	1.516368	63.86	64.07
 ‘1	1.517631	1.515380	54.22	54.49
 ‘100	1.512199	1.510068	56.76	56.86
 ‘4	1.520275	1.518180	58.73	58.96
 ‘5	1.501598	1.499678	61.84	62.07
 ‘6	1.502654	1.500571	56.95	57.21
 ‘7	1.520005	1.517598	50.85	51.14
 ‘8	1.535733	1.533290	51.69	51.97
À 1	1.441387	1.439861	68.58	68.84
À 107	1.485305	1.483568	66.26	66.41
À 115	1.482230	1.480471	65.02	65.19
À 3	1.489121	1.487460	69.86	70.06
À 4	1.492166	1.490368	64.94	65.11
À 5	1.479901	1.478162	65.44	65.60
À 6	1.472147	1.470467	66.65	66.84
À 7	1.484604	1.482865	66.17	66.33
À 8	1.472490	1.470850	68.42	68.60
À‘1	1.543419	1.540698	46.94	47.22
À‘10	1.550942	1.548104	45.58	45.87
À‘11	1.563761	1.560910	46.49	46.78
À‘12	1.543065	1.540208	44.57	44.87
À‘5	1.578322	1.575019	41.03	41.31
À‘7	1.581762	1.578424	40.84	41.12
À‘8	1.560663	1.557515	41.69	41.99
À‘9	1.583751	1.580135	37.72	38.00
Œ 1	1.523898	1.522265	75.97	76.35
Œ 1000	1.536507	1.534821	75.16	75.35
Œ 134	1.529602	1.527966	76.43	76.66
Œ 2	1.552066	1.550270	72.74	73.10
Œ 3	1.497164	1.495575	73.93	74.10
Œ 307	1.576518	1.574572	70.11	70.60
Œ 308	1.568423	1.566486	72.25	72.48
Œ 706	1.533260	1.531581	75.12	75.52
Œ‘1	1.531928	1.529496	51.56	51.81
Œ‘2	1.556614	1.553903	48.32	48.59
Œ‘3	1.615728	1.612425	43.87	44.09
Œ‘4	1.654191	1.650633	43.24	43.46
Œ‘5	1.666407	1.662640	41.55	41.77
Œ‘6	1.604008	1.601202	50.83	51.02
Œ‘7	1.603201	1.600209	47.49	47.72
Œ‘8	1.654708	1.651127	42.94	43.18
Œ‘9	1.725824	1.720976	35.00	35.24
—“ 10	1.741585	1.737934	47.85	48.10
—“ 12	1.695007	1.692009	54.79	55.02
—“ 15	1.712403	1.709315	54.54	54.75
—“ 16	1.790044	1.785947	45.35	45.61
—“ 19	1.747650	1.744135	50.20	50.43
—“ 20	1.768458	1.764828	49.96	50.19
—“ 3	1.662237	1.659496	57.09	57.36
—“ 7	1.690068	1.687013	53.32	53.60
—“ 8	1.706497	1.703129	49.40	49.68
—“ 9	1.746051	1.742532	50.03	50.26
—“‘11	2.071074	2.056237	16.49	16.63
—“‘2	1.955365	1.944499	20.25	20.41
—“‘3	2.186255	2.170207	17.02	0.0
—“‘351	2.071041	2.056228	16.50	16.63
—“‘376	1.955336	1.944481	20.25	20.41
“¡‘10	1.820575	1.814810	33.16	33.42
“¡‘11	1.837361	1.832766	42.82	43.08
“¡‘13	1.888769	1.882535	33.29	33.52
“¡‘14	1.962394	1.953323	24.61	24.80
“¡‘25	1.817524	1.812385	37.20	37.45
“¡‘3	1.760216	1.755851	40.88	41.16
“¡‘4	1.783620	1.778772	37.82	38.08
“¡‘5	1.812603	1.807978	41.10	41.37
“¡‘512	1.955698	1.945868	22.49	22.66
“¡‘7	1.898011	1.891054	30.02	30.25
“¡‘8	1.864054	1.858500	36.40	36.64
“¡‘9	1.812961	1.808468	42.51	42.77
“ 1	1.566096	1.563884	60.51	60.76
“ 12	1.571039	1.568882	62.71	62.93
“ 123	1.591088	1.588782	60.68	60.92
“ 13	1.606258	1.603883	60.37	60.63
“ 14	1.615507	1.613093	60.33	60.58
“ 16	1.615188	1.612685	58.08	58.35
“ 17	1.630511	1.627989	59.10	59.37
“ 2	1.574856	1.572482	57.20	57.48
“ 20	1.624710	1.622096	56.44	56.72
“ 21	1.659965	1.656907	50.83	51.13
“ 216	1.617017	1.614518	58.65	0.0
“ 23	1.591481	1.589187	61.04	61.28
“ 4	1.613808	1.611198	55.52	55.81
“ 8	1.616758	1.614104	54.84	55.13
“ 9	1.619920	1.617199	53.75	54.04
“ Õ1	1.613053	1.610397	54.44	54.74
“ Õ3	1.657279	1.654212	50.37	50.67
“‘1	1.652193	1.647668	33.63	33.88
“‘10	1.813763	1.806269	25.17	25.37
“‘103	1.723667	1.717928	29.31	29.53
“‘104	1.746219	1.740026	27.99	28.21
“‘107	1.734275	1.728220	28.17	28.39
“‘11	1.653628	1.648782	31.33	31.59
“‘12	1.792368	1.785163	25.45	25.66
“‘13	1.791685	1.784651	26.12	26.32
“‘14	1.697275	1.691609	28.56	28.80
“‘15	1.776638	1.769652	25.75	25.95
“‘2	1.677618	1.672680	31.99	32.23
“‘200	1.649322	1.644862	33.95	34.21
“‘3	1.723164	1.717419	29.28	29.50
“‘4	1.746226	1.740019	27.94	28.16
“‘5	1.761711	1.755235	27.32	27.53
“‘7	1.734294	1.728223	28.12	28.33
“‘8	1.694726	1.689488	30.89	31.12
“‘ 1	1.610706	1.608481	64.94	65.23
“‘ 11	1.603753	1.601583	65.83	66.10
“‘ 588	1.625975	1.623484	59.31	59.46
‘1	1.616877	1.612945	36.69	36.95
‘101	1.617877	1.613946	36.74	37.00
‘102	1.621043	1.617052	36.38	36.63
‘104	1.628970	1.624852	35.69	35.95
‘106	1.606997	1.603240	37.79	38.05
‘108	1.629616	1.625454	35.33	35.59
‘109	1.618352	1.614157	34.33	34.60
‘113	1.624590	1.620544	36.08	36.34
‘13	1.624086	1.620045	36.09	36.35
‘18	1.629151	1.624957	35.02	35.29
‘19	1.617760	1.613528	34.01	34.28
‘2	1.620541	1.616551	36.35	36.61
‘20	1.640344	1.636061	34.90	35.15
‘200	1.625998	1.621949	36.12	36.38
‘4	1.628472	1.624353	35.66	35.92
‘6	1.607015	1.603245	37.67	37.93
‘7	1.627355	1.623351	36.64	36.90
‘8	1.629110	1.624948	35.31	35.57
‘9	1.618044	1.613849	34.31	34.59
‘ 1	1.520851	1.519076	69.68	69.87
‘ 11	1.521765	1.519973	68.93	69.16
‘ 114	1.582466	1.580339	64.79	65.13
‘ 13	1.548804	1.546872	67.39	67.59
‘ 14	1.582107	1.579980	64.82	65.09
‘ 1952	1.521779	1.519993	69.06	69.18
‘ 24	1.583725	1.581582	64.48	64.76